169.816 481.664 92.3462
0.5 0
1.5 0
2.5 0
3.5 0
4.5 0
5.5 0
6.5 0
7.5 0
8.5 0
9.5 0
10.5 0
11.5 0
12.5 0
13.5 0
14.5 0
15.5 0
16.5 0
17.5 0
18.5 0
19.5 0
20.5 0
21.5 0
22.5 0
23.5 0
24.5 0
25.5 0
26.5 0
27.5 0
28.5 0
29.5 0
30.5 0
31.5 0
32.5 0
33.5 0
34.5 0
35.5 0
36.5 0
37.5 0
38.5 -5.33547e-05
39.5 0.000453515
40.5 0.000453515
41.5 0.0040016
42.5 0.0709084
43.5 0.353742
44.5 0.768361
45.5 1
46.5 0.937148
47.5 0.755689
48.5 0.615286
49.5 0.533173
50.5 0.456129
51.5 0.376551
52.5 0.307616
53.5 0.260478
54.5 0.223476
55.5 0.190023
56.5 0.160117
57.5 0.133253
58.5 0.111965
59.5 0.0967587
60.5 0.084087
61.5 0.0729358
62.5 0.0638122
63.5 0.0587435
64.5 0.0521542
65.5 0.0470855
66.5 0.0440443
67.5 0.0399893
68.5 0.0369481
69.5 0.0323863
70.5 0.0288382
71.5 0.025797
72.5 0.0252901
73.5 0.021742
74.5 0.0202214
75.5 0.0197146
76.5 0.0187008
77.5 0.0156596
78.5 0.0126184
79.5 0.0126184
80.5 0.0131252
81.5 0.0136321
82.5 0.0110978
83.5 0.0121115
84.5 0.0105909
85.5 0.0116046
86.5 0.0110978
87.5 0.0105909
88.5 0.00957716
89.5 0.010084
90.5 0.0105909
91.5 0.00856343
92.5 0.00805656
93.5 0.00754969
94.5 0.00704282
95.5 0
96.5 0
97.5 0
98.5 0
99.5 0
100.5 0
101.5 0
102.5 0
103.5 0
104.5 0
105.5 0
106.5 0
107.5 0
108.5 0
109.5 0
